27 views; 278 true lines, 237 floor lines midway between them

bar (grey levels)	lines pass	floor passes	lines minus floor
0.0	0.982	0.380	0.602
0.5	0.982	0.278	0.704
1.0	0.975	0.203	0.772
1.5	0.957	0.169	0.788
2.0	0.946	0.114	0.832
2.5	0.939	0.097	0.842
3.0	0.932	0.076	0.856
3.5	0.928	0.059	0.869
4.0	0.917	0.042	0.875
4.5	0.910	0.038	0.872
5.0	0.906	0.038	0.869
5.5	0.896	0.038	0.858
6.0	0.881	0.030	0.852
6.5	0.871	0.025	0.845
7.0	0.863	0.021	0.842
7.5	0.853	0.013	0.840
8.0	0.845	0.008	0.837
8.5	0.827	0.008	0.819
9.0	0.820	0.008	0.812
9.5	0.820	0.004	0.816
10.0	0.817	0.004	0.812
10.5	0.813	0.004	0.809
11.0	0.809	0.004	0.805
11.5	0.809	0.004	0.805
12.0	0.799	0.004	0.794
12.5	0.795	0.004	0.791
13.0	0.788	0.004	0.784
13.5	0.784	0.004	0.780
14.0	0.773	0.000	0.773
14.5	0.755	0.000	0.755
15.0	0.752	0.000	0.752
15.5	0.745	0.000	0.745
16.0	0.741	0.000	0.741
16.5	0.734	0.000	0.734
17.0	0.730	0.000	0.730
17.5	0.730	0.000	0.730
18.0	0.730	0.000	0.730
18.5	0.727	0.000	0.727
19.0	0.727	0.000	0.727
19.5	0.719	0.000	0.719
20.0	0.719	0.000	0.719

chosen bar: 4.0 grey levels

line contrast in grey levels: far baseline, far long-service line, the weakest true line, then every floor line, lowest first
view	far baseline	far long-service	weakest line	floor lines
gxBQ_window_00_frame_0	0.8	2.2	0.8	-2.4 -1.7 -0.5 -0.5 0.0 0.1 0.4 1.6 2.6
gxBQ_window_00_frame_5	0.7	2.9	0.7	-2.3 -1.0 -0.5 -0.2 0.3 1.0 1.3 1.6 4.1
gxBQ_window_00_frame_689	2.0	4.1	2.0	-1.9 -0.8 -0.4 -0.4 0.9 0.9 1.9 2.3 2.6
gxBQ_window_01_frame_5111	1.1	3.9	1.1	-3.8 -3.5 -1.1 -1.0 -0.9 -0.4 0.3 0.9 1.7
gxBQ_window_02_frame_5766	1.8	3.9	1.8	-6.7 -2.6 -1.7 -0.8 -0.8 -0.3 0.1 0.8 1.9
gxBQ_window_03_frame_77876	1.6	3.8	1.6	-16.8 -1.7 -1.0 -0.9 -0.8 -0.2 0.9 1.4 1.7
gxBQ_window_04_frame_86088	1.5	3.5	-14.9	-7.6 -2.2 -1.1 0.2 0.3 0.4 2.0 3.3 3.6
yellow_short_frame_14	-0.1	-0.3	-0.3	-3.9 -1.6 -0.6 -0.6 -0.2 0.8 1.2 1.4 13.9
yellow_short_frame_90	-0.8	1.1	-0.8	-8.0 -2.5 -0.1 -0.1 -0.0 0.1 0.4 1.6 1.8
yellow_short_frame_156	-0.6	1.4	-0.6	-6.3 -2.9 -0.9 -0.3 -0.0 0.2 0.3 0.5 1.7
letterboxed_short_frame_45	14.0	12.9	12.9	-10.6 -1.5 -1.2 -0.4 -0.4 -0.1 -0.0 3.4
letterboxed_short_frame_58	11.7	10.3	10.3	-10.6 -7.7 -3.4 -1.5 -0.6 -0.4 1.5 3.4
letterboxed_short_frame_78	14.3	12.9	12.9	-8.6 -2.2 -1.1 -0.4 -0.1 -0.1 0.3 3.6
centre_short_frame_36	32.6	39.3	32.6	-1.5 -1.2 -0.9 -0.2 -0.1 -0.1 0.1 5.6 7.5
centre_short_frame_64	23.3	28.4	23.3	-12.2 -0.6 -0.5 -0.0 0.2 0.7 1.2 6.4 7.5
centre_short_frame_71	24.9	28.4	24.9	-18.4 -0.9 -0.6 -0.5 -0.2 0.1 1.0 5.7 7.7
am1_window_00_frame_54	11.9	7.5	7.5	-4.9 -4.1 -3.9 -1.5 -0.6 -0.3 -0.1 3.1
am1_window_01_frame_5352	8.5	7.1	7.1	-6.5 -5.4 -4.3 -3.3 -1.8 -1.7 -0.8 -0.4
am2_window_00_frame_150	4.3	2.7	2.7	-3.6 -2.0 -0.7 -0.5 -0.3 0.1 0.2 1.2 3.6
am2_window_01_frame_28019	2.1	1.4	1.4	-3.3 -0.4 -0.3 -0.1 0.3 0.4 0.6 1.0 6.6
am3_window_00_frame_0	5.3	7.2	5.3	-5.4 -4.0 -2.9 -1.4 -1.0 -0.6 0.5 0.6 0.9
am3_window_01_frame_10514	5.2	6.3	5.2	-3.9 -3.1 -3.0 -0.4 -0.0 1.8 2.4 2.7 2.8
am3_window_02_frame_17174	5.0	8.4	5.0	-3.4 -2.4 -1.5 -0.7 -0.5 0.5 0.7 1.8 2.7
am3_window_03_frame_24515	6.0	8.4	6.0	-4.8 -3.0 -1.7 -1.5 -1.0 0.5 1.0 1.6 2.3
am4_window_00_frame_0	22.2	25.5	22.2	-17.5 -8.6 -6.8 -4.0 -2.7 -1.8 -0.3 1.5 9.4
am4_window_00_frame_319	21.7	22.0	16.7	-16.8 -9.1 -6.6 -4.5 -3.7 -3.2 -2.0 -0.3 3.8
am4_window_01_frame_13782	23.9	29.8	14.3	-18.2 -7.2 -2.7 -1.3 -1.0 0.8 0.9 0.9
