27 views; 281 true lines, 237 floor lines midway between them

bar (grey levels)	lines pass	floor passes	lines minus floor
0.0	0.954	0.118	0.836
0.5	0.947	0.089	0.858
1.0	0.929	0.051	0.878
1.5	0.911	0.038	0.873
2.0	0.893	0.017	0.876
2.5	0.879	0.013	0.866
3.0	0.868	0.013	0.856
3.5	0.854	0.013	0.841
4.0	0.847	0.013	0.834
4.5	0.847	0.013	0.834
5.0	0.836	0.013	0.824
5.5	0.822	0.013	0.809
6.0	0.801	0.000	0.801
6.5	0.783	0.000	0.783
7.0	0.765	0.000	0.765
7.5	0.754	0.000	0.754
8.0	0.737	0.000	0.737
8.5	0.722	0.000	0.722
9.0	0.705	0.000	0.705
9.5	0.698	0.000	0.698
10.0	0.690	0.000	0.690
10.5	0.687	0.000	0.687
11.0	0.687	0.000	0.687
11.5	0.673	0.000	0.673
12.0	0.662	0.000	0.662
12.5	0.658	0.000	0.658
13.0	0.648	0.000	0.648
13.5	0.637	0.000	0.637
14.0	0.626	0.000	0.626
14.5	0.609	0.000	0.609
15.0	0.609	0.000	0.609
15.5	0.594	0.000	0.594
16.0	0.591	0.000	0.591
16.5	0.587	0.000	0.587
17.0	0.584	0.000	0.584
17.5	0.580	0.000	0.580
18.0	0.580	0.000	0.580
18.5	0.566	0.000	0.566
19.0	0.562	0.000	0.562
19.5	0.555	0.000	0.555
20.0	0.555	0.000	0.555

chosen bar: 1.0 grey levels

line contrast in grey levels: far baseline, far long-service line, the weakest true line, then every floor line, lowest first
view	far baseline	far long-service	weakest line	floor lines
gxBQ_window_00_frame_0	0.9	1.9	0.9	-14.6 -14.5 -5.9 -4.6 -2.0 -1.4 -1.0 -0.9 0.0
gxBQ_window_00_frame_5	0.8	2.0	0.8	-14.9 -14.6 -6.8 -5.6 -3.8 -2.7 -0.4 -0.3 0.7
gxBQ_window_00_frame_689	2.0	2.6	2.0	-16.5 -14.3 -7.9 -6.7 -3.9 -1.8 -0.7 -0.4 1.6
gxBQ_window_01_frame_5111	1.1	1.8	1.1	-17.9 -16.7 -6.4 -6.4 -4.3 -3.7 -1.1 -1.0 -0.8
gxBQ_window_02_frame_5766	1.7	2.7	0.6	-18.9 -16.3 -7.2 -6.1 -3.9 -3.6 -2.0 -1.4 -0.8
gxBQ_window_03_frame_77876	1.4	2.1	1.4	-25.8 -21.8 -15.0 -6.9 -3.5 -2.8 -2.2 0.2 0.6
gxBQ_window_04_frame_86088	1.5	1.4	-15.1	-35.0 -22.8 -12.8 -6.7 -3.1 -1.6 -1.1 -1.0 1.8
yellow_short_frame_14	-0.1	-0.3	-8.3	-50.9 -48.6 -4.2 -3.9 -1.1 -0.9 0.7 1.5 2.3
yellow_short_frame_90	-0.9	0.5	-5.5	-54.2 -47.9 -9.2 -2.9 -1.2 -1.2 -0.8 -0.0 0.7
yellow_short_frame_156	-0.9	0.7	-3.1	-53.7 -45.8 -7.5 -2.8 -1.7 -1.3 -1.2 -0.4 0.2
letterboxed_short_frame_45	14.2	12.9	12.9	-33.9 -23.8 -21.5 -14.8 -0.8 -0.5 -0.3 1.5
letterboxed_short_frame_58	11.7	10.0	10.0	-33.9 -23.8 -20.5 -18.9 -14.8 -1.4 0.8 1.4
letterboxed_short_frame_78	14.3	12.8	12.8	-37.0 -24.2 -17.5 -16.0 -0.6 -0.5 0.4 1.6
centre_short_frame_36	13.4	13.1	13.1	-41.0 -34.7 -10.5 -2.5 -1.3 -1.2 -1.0 -0.4 5.6
centre_short_frame_64	7.8	8.9	7.8	-41.8 -34.2 -31.3 -8.8 -5.8 -1.1 -0.1 -0.1 5.7
centre_short_frame_71	7.3	9.0	7.3	-34.2 -31.7 -31.2 -8.7 -4.6 -1.2 -0.4 -0.3 5.9
am1_window_00_frame_54	8.1	5.8	5.8	-9.7 -8.5 -4.7 -2.2 -2.2 -1.9 -0.6 0.3
am1_window_01_frame_5352	8.4	7.1	7.1	-24.0 -8.5 -8.0 -3.9 -2.8 -2.2 -1.8 -1.8
am2_window_00_frame_150	0.7	2.4	0.7	-41.4 -4.6 -4.0 -3.3 -3.2 -2.0 -0.8 -0.4 -0.3
am2_window_01_frame_28019	1.1	1.5	1.1	-42.9 -4.0 -3.6 -2.3 -1.6 -1.2 -0.7 -0.4 0.6
am3_window_00_frame_0	4.7	6.8	2.6	-42.7 -11.3 -9.9 -9.0 -4.8 -2.4 -1.8 -0.1 1.2
am3_window_01_frame_10514	6.0	6.9	-4.3	-43.3 -9.9 -7.1 -4.1 -2.9 -1.7 -1.3 0.6 1.7
am3_window_02_frame_17174	3.6	5.5	3.2	-37.9 -10.1 -7.6 -7.3 -3.1 -2.5 -1.6 0.0 0.6
am3_window_03_frame_24515	3.4	7.6	3.4	-41.4 -12.4 -10.8 -10.4 -3.8 -0.8 -0.2 0.2 0.8
am4_window_00_frame_0	22.1	25.1	14.2	-36.5 -25.2 -21.0 -19.9 -4.2 -3.9 -2.8 -2.6 -0.9
am4_window_00_frame_319	21.5	21.1	4.8	-28.4 -23.4 -22.7 -22.4 -4.9 -4.4 -3.9 -1.3 -1.0
am4_window_01_frame_13782	21.8	28.0	18.8	-30.6 -18.5 -4.5 -3.7 -1.7 -1.6 -1.3 -0.1
